0.6987645888027446
0.7704364850409811
0.7988532039330334
0.8176591307545796
0.8164268238707669
0.8306245116384258
0.8014010364340638
0.8347195385536804
0.837498967639679
0.8521636523325367
0.8528790577367856
0.8577113815276476
0.8553268152531452
0.8588411004532034
0.8533362072842222
0.8540916104770876
0.8536629131320557
0.8527460767526835
0.8589199039311715
0.8510526434291819
0.8434564726942843
0.8572500465378415
0.8477016266688568
0.8496397456974816
0.8571207749745168
0.862552669785584
0.8598254784487428
0.8599508372568114
0.8629205947691809
0.8582982943532179
0.8630526608260202
0.8504821658302486
0.8517364122871869
0.8558035343309154
0.8581728790617036
0.8592342898392379
0.8577349934971982
0.8552961928164677
0.8590399994231035
0.8573164624368
0.8630526608260202
